1681    10      350000  351109
1682    35      350000  351109
1683    73      350000  351109
1684    138     350000  351109
1685    204     350000  351109
1686    283     350000  351109
1687    401     350000  351109
1688    549     350000  351109
1689    676     350000  351109
1690    842     350000  351109
1691    1046    350000  351109
1692    1355    350000  351109
1693    1760    350000  351109
1694    2182    350000  351109
1695    2707    350000  351109
1696    3339    350000  351109
1697    4105    350000  351109
1698    4983    350001  351109
1699    6000    350004  351109
1700    7227    350007  351109
1701    8543    350009  358129
1702    9945    350017  358129
1703    11546   350023  366332
1704    13209   350038  377271
1705    15064   350056  377271
1706    17061   350076  411640
1707    19123   350098  411640
1708    21311   350137  435071
1709    23715   350165  502273
1710    26164   350224  181914
1711    28844   350280  243325
1712    31596   350369  419697
1713    34491   350462  630175
1714    37398   350593  282350
1715    40525   350758  689719
1716    43855   350934  558030
1717    47218   351164  1010431
1718    50716   351442  696073
1719    54342   351750  433220
1720    58159   352112  1541974
1721    62073   352529  551709
1722    66038   353039  2098745
1723    70065   353564  1500238
1724    74336   354180  3904005
1725    78733   354848  2431765
1726    83280   355603  3224638
1727    87792   356460  2882737
1728    92477   357405  3259471
1729    97254   358498  1167678
1730    102126  359606  10441023
1731    107201  360826  10896445
1732    112304  362157  6588127
1733    117498  363591  4282249
1734    122753  365109  4182542
1735    128192  366845  8150348
1736    133879  368656  213306
1737    139592  370571  7729421
1738    145477  372581  8423760
1739    151367  374701  1665557
1740    157350  377024  4500724
1741    163611  379411  5090841
1742    169911  381918  2653059
1743    176431  384583  738623
1744    182992  387447  1138171
1745    189841  390502  766071
1746    196742  393610  1399930
1747    203633  396792  1242656
1748    210787  400212  821613
1749    218033  403659  822133
1750    225327  407248  632279
1751    232681  410943  1326638
1752    240053  414793  1164296
1753    247755  418783  709633
1754    255403  422871  1378967
1755    263202  427208  446427
1756    271095  431538  737805
1757    279085  436111  708564
1758    287092  440714  1206802
1759    295077  445398  1259732
1760    303293  450253  834340
1761    311588  455337  1419953
1762    319870  460551  1729628
1763    328255  465698  696705
1764    336698  471068  568174
1765    345215  476630  1711776
1766    353730  482254  1037750
1767    362370  488157  1654556
1768    370954  494050  1856760
1769    379581  500049  1705511
1770    388307  506315  2107985
1771    397190  512628  1274263
1772    406081  519220  1564020
1773    415023  525734  1286338
1774    423949  532439  584346
1775    432906  539300  1361653
1776    441876  546255  1898126
1777    450963  553380  2022435
1778    460035  560547  670405
1779    469198  567805  1062264
1780    478197  575097  1127989
1781    483408  582629  691444
1782    488457  590195  2314253
1783    493457  598005  1054907
1784    498393  605847  1606533
1785    503170  613645  1555257
1786    508142  621742  1623178
1787    512944  629865  2797468
1788    517544  638064  1607925
1789    521934  646260  2743504
1790    526256  654620  2219819
1791    530574  663019  1177243
1792    534891  671620  1372472
1793    539305  680422  1566189
1794    543518  689146  979810
1795    547696  697820  1211580
1796    551901  706548  2959349
1797    556408  715527  2561946
1798    560845  724420  2781143
1799    565364  733390  2233458
1800    569668  742547  2695099
1801    574000  751826  1278215
1802    578050  760860  3224550
1803    582346  769980  2827830
1804    586624  779246  3689055
1805    590886  788490  4396081
1806    594819  797756  1580049
1807    598599  807022  2130177
1808    601898  816342  1886870
1809    604940  825754  2261634
1810    607615  835126  1698082
1811    610235  844503  1240708
1812    612893  854044  971917
1813    614963  863369  2998948
1814    617135  872806  2232195
1815    619080  882155  3195306
1816    621021  891611  2832981
1817    622684  901005  1917534
1818    624415  910485  3343471
1819    626064  919808  1578204
1820    627811  929290  1643236
1821    629418  938755  918049
1822    631196  948293  2534540
1823    632980  957990  2126443
1824    634448  967219  2479463
1825    636168  976710  2413542
1826    638180  986312  1812675
1827    639924  995817  2237655
1828    641436  1005274 1200323
1829    642821  1014894 2519692
1830    644174  1024412 3502248
1831    645431  1033937 1246164
1832    646195  1043408 3204223
1833    646656  1052969 1169538
1834    646861  1062467 1072464
1835    647264  1072154 1298574
1836    648081  1081780 1527389
1837    648660  1091266 2725371
1838    649289  1100693 2680004
1839    650212  1110326 2385712
1840    651273  1119872 2114316
1841    652176  1129424 1780827
1842    653059  1139025 3220691
1843    653822  1148674 3631218
1844    654271  1158227 1274706
1845    654871  1167841 3923600
1846    655421  1177318 1133914
1847    655812  1186814 927310
1848    656383  1196545 2832297
1849    656657  1206255 2356369
1850    657101  1215886 1224817
1851    657362  1225511 2655226
1852    657440  1235103 4113050
1853    658024  1244748 2141296
1854    658230  1254414 1692592
1855    658413  1264093 1287225
1856    658481  1273696 1351819
1857    658783  1283477 2852155
1858    658822  1293132 2435911
1859    658669  1302802 4036110
1860    658837  1312661 1453588
1861    659039  1322411 1128757
1862    659525  1331917 1729579
1863    660555  1341790 1314028
1864    661252  1351583 1635349
1865    662215  1361246 3110951
1866    662913  1371004 1453988
1867    663514  1380748 2543663
1868    664327  1390580 2994372
1869    665033  1400282 3493427
1870    666052  1410142 2015322
1871    666925  1419899 2791230
1872    667774  1429700 1441704
1873    668774  1439565 2361751
1874    669769  1449410 2541286
1875    670862  1459207 2521950
1876    672300  1469144 3018438
1877    673163  1478865 4026718
1878    673943  1488803 2734714
1879    674809  1498466 2775566
1880    675721  1508343 1195015
1881    676399  1518088 1451358
1882    677291  1527952 1645280
1883    678109  1537816 2559092
1884    678837  1547820 1584207
1885    679544  1557753 2873905
1886    680166  1567682 3536557
1887    680815  1577538 3707885
1888    681348  1587438 3321991
1889    682047  1597277 1527488
1890    682664  1607120 1562470
1891    683355  1617124 1854709
1892    683890  1627021 3484155
1893    684301  1636927 2863352
1894    684836  1646903 3432851
1895    685134  1656792 2533176
1896    685377  1666568 3162848
1897    686018  1676646 3860089
1898    686400  1686573 5155951
1899    686831  1696370 4877158
1900    686904  1706233 3929041
1901    687540  1716254 4340577
1902    688023  1726094 1715087
1903    688412  1736051 4178602
1904    688761  1746104 2235021
1905    689173  1756144 4315334
1906    689541  1765996 1830336
1907    689904  1776130 4418282
1908    690302  1786027 1672285
1909    690517  1796034 3679546
1910    691005  1806184 1444810
1911    691482  1816200 7271120
1912    691874  1826219 3069953
1913    692351  1836302 3179247
1914    692931  1846426 5731309
1915    693403  1856603 2854070
1916    693640  1866643 6195138
1917    693850  1876711 1892562
1918    694442  1886691 4888230
1919    695008  1896728 7880075
1920    695446  1906728 6383432
1921    696045  1916750 6173079
1922    696549  1926759 6712847
1923    696994  1936855 7190988
1924    697533  1946883 6637584
1925    698136  1956889 6307079
1926    698738  1967020 6966867
1927    699176  1977126 1847978
1928    699551  1987313 5565770
1929    699862  1997300 4794655
1930    700226  2007382 2829576
1931    700617  2017454 1783766
1932    700926  2027629 2380815
1933    701361  2037853 3701295
1934    701651  2047991 6854544
1935    702181  2058053 4467339
1936    702386  2068267 4190140
1937    702830  2078485 3787920
1938    703187  2088665 5942852
1939    703612  2098906 2135825
1940    704143  2109246 1814437
1941    704544  2119429 7956825
1942    705003  2129625 5732277
1943    705604  2139891 4089193
1944    706222  2150208 2498976
1945    706603  2160601 2544195
1946    706967  2170879 3842749
1947    707435  2180986 3514291
1948    707919  2191209 4582789
1949    708351  2201520 4731462
1950    708779  2211663 6333438
1951    709328  2221950 4979472
1952    709715  2232302 6448475
1953    709983  2242610 6487801
1954    710451  2252805 3073018
1955    711059  2263094 7265501
1956    711790  2273419 2405211
1957    712130  2283700 2011531
1958    712713  2293953 2424552
1959    713111  2304304 2008173
1960    713383  2314603 4487822
1961    713726  2324981 2569503
1962    714211  2335380 6518629
1963    714845  2345605 4135975
1964    715162  2356093 4356629
1965    715446  2366467 5132984
1966    715850  2376881 3223751
1967    716099  2387301 4647986
1968    716327  2397636 2354241
1969    717098  2408003 6332737
1970    717569  2418403 3543764
1971    718118  2428676 2596800
1972    718476  2439010 3065879
1973    719022  2449509 3145117
1974    719430  2459960 6627838
1975    719921  2470383 2351794
1976    720520  2480954 4956273
1977    721076  2491294 4053247
1978    721428  2501791 6837702
1979    721885  2512303 3358117
1980    722277  2522787 4646478
1981    722689  2533268 6792506
1982    723040  2543794 6088517
1983    723710  2554323 1785051
1984    724316  2564804 5755074
1985    724751  2575272 4115256
1986    725527  2585949 3574913
1987    725995  2596319 4196231
1988    726635  2606768 5758816
1989    727201  2617330 3718861
1990    727747  2627742 4849200
1991    728076  2638371 4788218
1992    728685  2648797 7325432
1993    729107  2659118 5501084
1994    729449  2669638 3858514
1995    729726  2680185 5913054
1996    730359  2690770 1944732
1997    730727  2701349 5135499
1998    731132  2711862 2734891
1999    731494  2722456 2302275
2000    731955  2733198 6106432
2001    732199  2743644 2410551
2002    732659  2754176 6684865
2003    732878  2764777 6691396
2004    733264  2775428 7806587
2005    733924  2786194 6236514
2006    734147  2796696 6430779
2007    734735  2807487 3636022
2008    735178  2817959 6046606
2009    735533  2828678 1957514
2010    735799  2839407 2492989
2011    736216  2850065 5760769
2012    736763  2860872 3339018
